806 903 1
166 167 1
171 172 1
171 194 1
172 194 1
233 281 1
296 303 1
332 9226 1
451 452 1
523 524 1
683 3166 1
737 743 1
835 3174 1
937 964 1
1037 1038 1
1046 1057 1
1132 1133 1
1145 1147 1
1159 1173 1
1285 1307 1
1318 1319 1
1348 27606 1
1360 1361 1
1414 1488 1
1441 1442 1
1441 1443 1
1442 1443 1
1491 1582 1
1539 1565 1
1630 13897 1
1681 1682 1
1696 1698 1
1727 1737 1
1771 1772 1
1789 1791 1
1912 1919 1
1912 1926 1
1919 1926 1
1955 1974 1
2008 2009 1
2100 5379 1
2130 2151 1
2141 2157 1
2199 2210 1
2248 2253 1
2315 2316 1
2332 2371 1
2381 2382 1
2482 30436 1
2503 2509 1
2560 6248 1
2591 13727 1
2614 25033 1
2628 11566 1
2628 28504 1
2632 22815 1
2635 10247 1
2640 2641 1
2647 14218 1
2647 27241 1
2647 31543 1
2672 2673 1
2680 11369 1
2718 2719 1
2724 31605 1
2746 27261 1
2757 9512 1
2792 9885 1
2797 12485 1
2828 30914 1
2844 8115 1
2870 2879 1
2910 2925 1
2926 21820 1
2967 17440 1
2982 6377 1
2982 15587 1
2983 25174 1
3033 9475 1
3043 7455 1
3052 7788 1
3065 3066 1
3089 29065 1
3100 3219 1
3152 26776 1
3189 24825 1
3192 22236 1
3192 31811 1
3202 11909 1
3214 24833 1
3268 31589 1
3270 3271 1
3278 3293 1
3298 5879 1
3373 22091 1
3399 19693 1
3406 8554 1
3408 9302 1
3465 18267 1
3535 5627 1
3535 31744 1
3574 28654 1
3604 10471 1
3611 26352 1
3703 24579 1
3750 3751 1
3750 19594 1
3751 19594 1
3820 3824 1
3886 26483 1
3890 9230 1
3916 8221 1
3916 10839 1
3916 19487 1
3916 21060 1
3916 24938 1
3916 25895 1
3916 27762 1
3916 31764 1
3964 23709 1
3980 23654 1
4010 4619 1
4010 10876 1
4010 11298 1
4071 5389 1
4084 18785 1
4088 4089 1
4100 5041 1
4111 20603 1
4125 5878 1
4133 10066 1
4163 29249 1
4178 7448 1
4184 4185 1
4194 4609 1
4207 25440 1
4265 24775 1
4269 18689 1
4273 4274 1
4276 25256 1
4300 4301 1
4313 18432 1
4315 7622 1
4349 12122 1
4351 14363 1
4351 30690 1
4363 28817 1
4367 14257 1
4374 17000 1
4386 4969 1
4393 7846 1
4398 17849 1
4447 11355 1
4457 14567 1
4468 14268 1
4476 5172 1
4484 6935 1
4484 12206 1
4530 13928 1
4619 10876 1
4619 11298 1
4671 15468 1
4690 7576 1
4697 19214 1
4701 26200 1
4719 27160 1
4728 13388 1
4728 25963 1
4741 24056 1
4767 18376 1
4774 30725 1
4789 12326 1
4829 17562 1
4867 16764 1
4891 31858 1
4922 13395 1
4926 16844 1
4929 7986 1
4935 12852 1
4964 14276 1
4964 22335 1
4991 23326 1
5073 12159 1
5076 9916 1
5127 20949 1
5140 9128 1
5156 21034 1
5163 30617 1
5185 16489 1
5194 31829 1
5216 16740 1
5246 8933 1
5255 25129 1
5273 18399 1
5280 19178 1
5299 14084 1
5306 11071 1
5306 11106 1
5326 8428 1
5345 10589 1
5394 13247 1
5408 25609 1
5418 12991 1
5418 30905 1
5434 22754 1
5452 25395 1
5477 18844 1
5480 8873 1
5532 27434 1
5534 12602 1
5553 21472 1
5578 17298 1
5578 31687 1
5579 11913 1
5607 11000 1
5607 24535 1
5618 30437 1
5624 8331 1
5627 31744 1
5641 14975 1
5646 30793 1
5657 10506 1
5659 11207 1
5659 19245 1
5683 20993 1
5736 21651 1
5776 30324 1
5792 26598 1
5825 7267 1
5889 18820 1
5889 20729 1
5892 31789 1
5935 15713 1
5935 29725 1
5946 28840 1
5955 26184 1
5957 28452 1
6052 10233 1
6092 30072 1
6092 32306 1
6109 23557 1
6191 15594 1
6203 9974 1
6224 6254 1
6224 20245 1
6232 28993 1
6254 20245 1
6293 11238 1
6343 23253 1
6343 25806 1
6352 17477 1
6362 20183 1
6377 15587 1
6401 19708 1
6405 25099 1
6427 19024 1
6440 22892 1
6499 18511 1
6540 8474 1
6543 23371 1
6559 10638 1
6595 10178 1
6711 29493 1
6743 25303 1
6747 28403 1
6755 21090 1
6761 27678 1
6762 8477 1
6768 18134 1
6768 29683 1
6775 17358 1
6797 12494 1
6819 10195 1
6836 11876 1
6874 30539 1
6877 23421 1
6877 26780 1
6879 7723 1
6880 20790 1
6880 28232 1
6887 18625 1
6935 12206 1
6938 13195 1
6996 16752 1
7011 18196 1
7048 28199 1
7101 19076 1
7109 17868 1
7145 18977 1
7146 27757 1
7167 18049 1
7196 7293 1
7221 7282 1
7230 29145 1
7255 31117 1
7274 26812 1
7294 9305 1
7294 24686 1
7294 26658 1
7339 22035 1
7353 14123 1
7367 12564 1
7409 29935 1
7464 8803 1
7478 17454 1
7496 7583 1
7537 10101 1
7569 14531 1
7590 28506 1
7678 13930 1
7679 7992 1
7682 12641 1
7710 24952 1
7735 23012 1
7755 13552 1
7784 21925 1
7811 31216 1
7829 8593 1
7845 17789 1
7845 21156 1
7860 25374 1
7892 28716 1
7937 24497 1
7966 30127 1
8012 27388 1
8035 23937 1
8060 21131 1
8074 17207 1
8094 15639 1
8134 12437 1
8162 12097 1
8169 15189 1
8169 32460 1
8194 14372 1
8209 19026 1
8221 10839 1
8221 19487 1
8221 21060 1
8221 24938 1
8221 25895 1
8221 27762 1
8221 31764 1
8224 14347 1
8226 23455 1
8227 16533 1
8239 12967 1
8253 17702 1
8281 16201 1
8318 27226 1
8333 26334 1
8380 20847 1
8393 26234 1
8397 14973 1
8409 12491 1
8423 29118 1
8456 19452 1
8500 24652 1
8500 28411 1
8506 15294 1
8509 14188 1
8525 17944 1
8579 21894 1
8602 22045 1
8610 10875 1
8678 22267 1
8708 31206 1
8733 16707 1
8786 30312 1
8819 22575 1
8833 19572 1
8840 12938 1
8874 31807 1
8908 24540 1
8937 13616 1
8937 14017 1
9005 24567 1
9068 25241 1
9080 13565 1
9091 15908 1
9145 25449 1
9206 9320 1
9213 19045 1
9232 19254 1
9245 23755 1
9274 12902 1
9305 24686 1
9305 26658 1
9323 9711 1
9323 14937 1
9323 26934 1
9323 28106 1
9342 9464 1
9345 12713 1
9345 16770 1
9345 31199 1
9350 28079 1
9354 19494 1
9388 14413 1
9397 26953 1
9426 13486 1
9435 12411 1
9458 30084 1
9523 22599 1
9569 15808 1
9571 27631 1
9573 19424 1
9592 27894 1
9605 22430 1
9649 10556 1
9649 13085 1
9649 32302 1
9666 25295 1
9711 14937 1
9711 26934 1
9711 28106 1
9722 25700 1
9729 25732 1
9747 18015 1
9756 19890 1
9760 22808 1
9806 23006 1
9866 29070 1
9873 15471 1
9874 29937 1
9897 15681 1
9912 13531 1
9955 20498 1
9976 13744 1
10017 29111 1
10018 10739 1
10018 28093 1
10150 25907 1
10155 23620 1
10161 19417 1
10183 16179 1
10221 25789 1
10257 26915 1
10260 21797 1
10281 23744 1
10302 17821 1
10315 31638 1
10332 14285 1
10364 11118 1
10427 23684 1
10452 12734 1
10457 20636 1
10468 17284 1
10523 17897 1
10550 32246 1
10556 13085 1
10556 32302 1
10565 11527 1
10571 25524 1
10613 27446 1
10627 28084 1
10691 13909 1
10739 28093 1
10740 12277 1
10754 25919 1
10772 30295 1
10805 27628 1
10837 29279 1
10839 19487 1
10839 21060 1
10839 24938 1
10839 25895 1
10839 27762 1
10839 31764 1
10876 11298 1
10884 25992 1
10887 16919 1
10897 19857 1
10932 24897 1
10940 11722 1
11000 24535 1
11009 12603 1
11034 29027 1
11071 11106 1
11107 20722 1
11109 24622 1
11112 17003 1
11159 17220 1
11173 20539 1
11207 19245 1
11246 27367 1
11256 27070 1
11363 21995 1
11378 31810 1
11396 28959 1
11400 26840 1
11413 30492 1
11442 17700 1
11486 32282 1
11533 25962 1
11546 16008 1
11560 29247 1
11566 28504 1
11588 20390 1
11590 13346 1
11614 21354 1
11615 24305 1
11634 23404 1
11657 19345 1
11700 19394 1
11739 14237 1
11739 20064 1
11753 26176 1
11781 27296 1
11808 23165 1
11861 27214 1
11869 28261 1
11918 21663 1
11933 21677 1
11948 19659 1
11969 24757 1
11969 30180 1
11974 31148 1
12007 24861 1
12040 31310 1
12086 25155 1
12089 25456 1
12132 26725 1
12153 27440 1
12162 12726 1
12192 32185 1
12213 25537 1
12237 17991 1
12262 18258 1
12349 12707 1
12391 14608 1
12439 15233 1
12457 23803 1
12495 24857 1
12498 17516 1
12508 14388 1
12526 15918 1
12526 16523 1
12526 19876 1
12529 15027 1
12671 28209 1
12684 16209 1
12709 30464 1
12713 16770 1
12713 31199 1
12756 24271 1
12757 20357 1
12758 20015 1
12758 25972 1
12777 17694 1
12823 24226 1
12838 29530 1
12846 14389 1
12887 23829 1
12893 22798 1
12944 30852 1
12964 13774 1
12964 27976 1
12971 29804 1
12991 30905 1
12994 20808 1
12999 13303 1
13006 21749 1
13011 16601 1
13043 23727 1
13047 13861 1
13047 24653 1
13051 20071 1
13085 32302 1
13114 21180 1
13127 19570 1
13197 13994 1
13248 28176 1
13341 16412 1
13386 14189 1
13388 25963 1
13430 23170 1
13469 13979 1
13484 21789 1
13527 25077 1
13544 17967 1
13616 14017 1
13641 16438 1
13661 28333 1
13684 30308 1
13751 21648 1
13774 27976 1
13807 16416 1
13817 26377 1
13824 14142 1
13824 29924 1
13826 17493 1
13861 24653 1
13884 15737 1
13899 27458 1
13911 25414 1
13915 25570 1
13950 19918 1
13966 30953 1
14019 27604 1
14029 18996 1
14126 19103 1
14142 29924 1
14163 28586 1
14175 19596 1
14176 16525 1
14177 24956 1
14180 16297 1
14218 27241 1
14218 31543 1
14237 20064 1
14276 22335 1
14363 30690 1
14384 18642 1
14386 19571 1
14476 17457 1
14494 30766 1
14497 31503 1
14525 17894 1
14564 16034 1
14574 19756 1
14667 20715 1
14700 21000 1
14739 31533 1
14746 16468 1
14773 32091 1
14779 25092 1
14843 31275 1
14868 20334 1
14868 23368 1
14897 27349 1
14912 27451 1
14914 15142 1
14915 16027 1
14937 26934 1
14937 28106 1
14960 27297 1
14987 25465 1
14995 19946 1
14996 19145 1
15010 21680 1
15022 27580 1
15092 25479 1
15175 32053 1
15183 24201 1
15189 32460 1
15204 24638 1
15397 29372 1
15400 28324 1
15410 22354 1
15523 23311 1
15536 15861 1
15536 24716 1
15542 24615 1
15570 25413 1
15571 22676 1
15631 15972 1
15644 18397 1
15671 29007 1
15713 29725 1
15744 24792 1
15765 19301 1
15768 31132 1
15809 29473 1
15816 23761 1
15816 25245 1
15818 23439 1
15818 30672 1
15861 24716 1
15900 19935 1
15912 23790 1
15918 16523 1
15918 19876 1
15937 26820 1
15982 24534 1
16055 18641 1
16109 24326 1
16130 28790 1
16165 27758 1
16214 24939 1
16240 24102 1
16292 29228 1
16320 16597 1
16367 20955 1
16385 21375 1
16440 31526 1
16497 27046 1
16515 25277 1
16523 19876 1
16535 24889 1
16541 30896 1
16570 24203 1
16571 21755 1
16616 22426 1
16659 19627 1
16666 20776 1
16712 18045 1
16730 17720 1
16770 31199 1
16778 29608 1
16944 25046 1
16982 21428 1
16982 29695 1
16989 21728 1
17036 25426 1
17122 25385 1
17122 29025 1
17143 27260 1
17154 18580 1
17184 23075 1
17184 27294 1
17256 21480 1
17298 31687 1
17367 21726 1
17447 26248 1
17499 30088 1
17653 17838 1
17722 23959 1
17737 26358 1
17753 27957 1
17764 25021 1
17789 21156 1
17863 21076 1
17878 19823 1
17911 30432 1
17923 28321 1
17961 18966 1
17993 27666 1
17997 21985 1
18065 31183 1
18083 26595 1
18118 28957 1
18134 29683 1
18177 28867 1
18256 22357 1
18257 29542 1
18264 30952 1
18358 24731 1
18428 30453 1
18522 26046 1
18538 23029 1
18551 27833 1
18603 28208 1
18666 21140 1
18697 31035 1
18820 20729 1
18853 29803 1
18858 24328 1
18959 31292 1
18972 26712 1
18983 24390 1
19215 23510 1
19246 25482 1
19273 24715 1
19349 25405 1
19393 23024 1
19487 21060 1
19487 24938 1
19487 25895 1
19487 27762 1
19487 31764 1
19701 24650 1
19807 20458 1
19895 31418 1
20008 30891 1
20015 25972 1
20032 21620 1
20051 32229 1
20162 20653 1
20168 30607 1
20327 20910 1
20334 23368 1
20354 32343 1
20532 20882 1
20561 28884 1
20629 24251 1
20661 22853 1
20714 21149 1
20740 24682 1
20790 28232 1
20954 29364 1
21042 21596 1
21060 24938 1
21060 25895 1
21060 27762 1
21060 31764 1
21130 27564 1
21200 24207 1
21215 21560 1
21281 21822 1
21359 25579 1
21428 29695 1
21483 25596 1
21549 26109 1
21597 25640 1
21702 28574 1
21784 22104 1
21958 25741 1
22158 22793 1
22176 26133 1
22194 28627 1
22236 31811 1
22311 25511 1
22315 31239 1
22553 22602 1
22615 25671 1
22638 29082 1
22807 30667 1
22827 27185 1
22831 29942 1
23030 28597 1
23075 27294 1
23101 26818 1
23253 25806 1
23372 29128 1
23421 26780 1
23439 30672 1
23448 24826 1
23449 29580 1
23529 29038 1
23540 28298 1
23655 26509 1
23761 25245 1
23804 28640 1
23825 30026 1
24068 28931 1
24095 25824 1
24255 27924 1
24267 26294 1
24270 31011 1
24368 30383 1
24371 27282 1
24517 26958 1
24517 29456 1
24635 31667 1
24637 31114 1
24652 28411 1
24667 27534 1
24686 26658 1
24735 31557 1
24757 30180 1
24805 32440 1
24914 29287 1
24938 25895 1
24938 27762 1
24938 31764 1
24977 27870 1
24986 32226 1
24994 29742 1
24997 28082 1
25001 28510 1
25036 32424 1
25069 31281 1
25125 29896 1
25208 30915 1
25308 28258 1
25345 30229 1
25373 27359 1
25385 29025 1
25461 28437 1
25522 28129 1
25660 29355 1
25838 32023 1
25895 27762 1
25895 31764 1
25935 26123 1
25995 30365 1
26150 26862 1
26168 27918 1
26528 31800 1
26556 32329 1
26563 30677 1
26627 29926 1
26934 28106 1
26958 29456 1
26980 27408 1
27134 31993 1
27241 31543 1
27315 28136 1
27319 27716 1
27385 30498 1
27612 32108 1
27762 31764 1
27786 29073 1
28033 29897 1
28116 32238 1
28172 31609 1
28420 30112 1
28445 29670 1
29018 30934 1
29061 31603 1
29261 29797 1
29393 29752 1
29861 31575 1
29953 31839 1
29983 31407 1
30020 31681 1
30072 32306 1
30124 31116 1
30407 32166 1
30560 31082 1
30618 31468 1
30647 32211 1
31640 31668 1
 1
